0.3062274123256461
0.510666082184811
0.9231134278389986
0.027289173108860698
0.9996588383176321
0.2751310211882201
0.7795450515836772
0.24632354167974158
0.6104489583246434
0.46865566556362537
0.1304387538017977
0.2399897089793026
0.42807960271237333
0.2502142166659771
0.18732220712994763
0.08432994399749094
0.9126772332086263
0.5823949306804039
0.16536616969999396
0.9329388697833565
0.5370702178247418
0.31904503311903665
0.653323580494427
0.3117745989307167
0.22716445890563342
0.31787536341965494
0.592951190502497
0.43925429781235104
0.7658246441404629
0.012873198871432567
0.5712214695150901
0.8767723468270563
